117	77	Pop	13.7166
124	87	Pop	14.1333
124	90	Alternative	15.15
129	78	Alternative	22.3666
124	90	Alternative	14.6333
125	89	Pop	15
127	88	Lofi	9.2666
124	100	Lofi	9.85
126	74	Pop	11.7333
123	89	Pop	12.85
129	103	Alternative	13.3833
130	98	Lofi	13.9166
131	101	Pop	14.45
130	98	Alternative	15
128	99	Pop	15.55
130	89	Pop	16.05
125	79	Classical	10.45
125	81	Pop	9.0333
117	89	Classical	9.5833
128	87	Classical	10.15
127	102	Classical	10.6833
116	74	Classical	14.85
120	79	Classical	16.15
118	64	Jazz	13.45
119	65	Classical	16.75
116	69	Jazz	17.05
114	65	Classical	16.4166
115	63	Classical	16.7166
112	63	Classical	17
117	63	Classical	17.3
119	86	Classical	17.5833
126	83	Pop	19.6166
123	81	Pop	19.9
121	81	Pop	20.1833
118	74	Alternative	20.6333
124	84	Pop	20.9166
124	69	Pop	21.2166
122	67	Pop	21.5
119	74	Rap	21.7833
119	66	Pop	22.0333
133	88	Pop	14.7166
127	89	Lofi	15.0166
126	104	Lofi	15.3166
117	78	Pop	13.35
117	86	Alternative	11.1166
119	78	Lofi	11.4
120	76	Rap	11.7666
117	77	Alternative	12.2
129	109	Alternative	14.9666